Tour_ID,High Cost,Higher Cost,Highest Cost,Low Cost,Lower Cost,Normal Cost
tour_idynufedne,0.12759639525349564,0.04246274757338092,0.0005499818457978307,0.05509938580269996,0.025960906579791027,0.7483305829448347
tour_id9r3y5moe,0.24655613669044457,0.5559449970377196,0.02125532468419384,0.008274991389466694,0.023544424658953143,0.1444241255392222
tour_idf6itml6g,0.7305249644096237,0.1410511347354404,0.0031821001405000736,0.00637736523709596,0.003889865827057766,0.11497456965028202
tour_id99u4znru,0.04548547072138403,0.01959740604582804,0.00040325573180994135,0.2884549291606861,0.13750749691557207,0.5085514414247199
tour_idj4i9urbx,0.02142842226057264,0.008678538102287407,0.0002345970665027713,0.26663559532366177,0.2977193649241282,0.4053034823228472
tour_ids94pi2qs,0.03783631137846406,0.015874170474813057,0.0003759012387836391,0.1146010663748655,0.5542270893363066,0.27708546119676725
tour_id9xx2dq4e,0.13965858958208968,0.8117287069895511,0.0041139246465455356,0.0064574999908955655,0.003358966698515861,0.0346823120924022
tour_id9q7cbwf5,0.0228515628571879,0.007050302499904302,0.00020400844559352206,0.23311947664616692,0.34082747024279414,0.3959471793083532
tour_id28uzu8li,0.31497037192732474,0.4027520983645021,0.010295001858828347,0.011868440434011352,0.07125886390267103,0.1888552235126625
tour_idf7lvpips,0.017752896655939092,0.0074978917286072965,0.00038328392675234847,0.38265653020300205,0.26329063724536117,0.328418760240338
tour_id69abaq9f,0.16541606623336158,0.2954328578667479,0.01430419679104267,0.06620483912986937,0.042745430655598195,0.41589660932338024
tour_id20ne7vgg,0.011907752028988847,0.00418872329538726,0.00022392133931664154,0.3301183963214296,0.47117640930045546,0.18238479771442215
tour_ida99j69n7,0.16040879640424602,0.7788313210078104,0.014459927506671504,0.0027915435077695483,0.004638130472462462,0.03887028110104013
tour_idzwulen6z,0.006682923528133819,0.0037411825836574535,0.00022453781824723453,0.07652879901550413,0.8522454645796941,0.06057709247476322
tour_id82x4wwmo,0.3983593746000573,0.42440338402330957,0.004945102700360847,0.02548136872357131,0.02385027997928109,0.1229604899734199
tour_idlhvaq2mf,0.12365574110589528,0.02749413067511967,0.0005161660666361688,0.05176193958569456,0.0809777728394401,0.7155942497272142
tour_id8t7kqb9n,0.7665014789174829,0.15309266789311568,0.004776337211780277,0.005840330250588705,0.004567428438561776,0.06522175728847077
tour_idrn7vpcu5,0.016185315859587084,0.008458307057498792,0.00022796072913126758,0.22855241709643304,0.22824154675374475,0.5183344525036051
tour_idqk4wakw3,0.19501456319248864,0.7113712220987631,0.008340165476448022,0.0063965630780079795,0.005566440916263375,0.0733110452380287
tour_id6fa1ag4g,0.2284706446046214,0.09355843572993158,0.0016705574904052468,0.054136271659523,0.03838603229986659,0.5837780582156522
tour_id8yxycz3h,0.18099482905630113,0.09088729899918149,0.0010315755008822713,0.21529566586872528,0.08005338717886071,0.43173724339604924
tour_idq3khwer6,0.023568877310885233,0.008574897241363452,0.00020720524207468838,0.1911130223644646,0.08170505227908811,0.694830945562124
tour_idhgharflp,0.19266261966407233,0.06211098545404307,0.0019663116212156255,0.0613247366853482,0.04710341046686142,0.6348319361084593
tour_idqjzzhcvz,0.24758510241243456,0.5492876975732424,0.10588034166431719,0.020273929098238292,0.014008352117568592,0.06296457713419891
tour_id0l0xaktp,0.09653933177862806,0.02449785035855853,0.0004557693957490767,0.16994589379465683,0.03152749142564442,0.6770336632467632
tour_idbg22qq89,0.06871385851407216,0.018979955534051567,0.0005566767606797798,0.10169859180587862,0.1119681116008181,0.6980828057844998
tour_idwkhfwtqp,0.42884845822062456,0.48718054793493126,0.0023068760445555973,0.006184936217628743,0.0031085238206969923,0.07237065776156286
tour_id34dyvoyk,0.14441360598719294,0.021797821702595012,0.00043091188147961307,0.061918618799523165,0.03768695303823144,0.7337520885909778
tour_id5cfn85zh,0.19416205087408883,0.08068202842182379,0.0013097039082004091,0.06079797392822528,0.03830847202338996,0.6247397708442717
tour_id84rchmqs,0.01917178041474655,0.00914436803809444,0.0003358531576394681,0.31511533785893064,0.23259213179304328,0.42364052873754565
tour_idjh4cjj2x,0.13296098342365115,0.016441518958718503,0.00037196931845761124,0.1859935859356221,0.08509683961013909,0.5791351027534115
tour_idzy1dc1xm,0.35015985542894423,0.48188869689626534,0.014436415780887177,0.00839693385501182,0.029940377357528018,0.1151777206813634
tour_id80j7qu6z,0.19770309572625744,0.04535505774776921,0.0015556495720237425,0.05546687671515729,0.06275598451810116,0.6371633357206912
tour_iddtkykn6k,0.036532082992322606,0.007656824086526779,0.0004972101523068449,0.25156935278685366,0.4432025735222312,0.2605419564597589
tour_idg04qytor,0.1758638310293692,0.7204337463760198,0.01110133083179032,0.005410440374931796,0.010649232873998092,0.07654141851389086
tour_idv9sccb8o,0.43867426393829423,0.3120521158107849,0.001850093512333085,0.007793970522749898,0.009743455592884923,0.22988610062295295
tour_idfstvxwpt,0.368269648653781,0.3134236531468984,0.002528983910095146,0.013155705003627347,0.015900017684840933,0.2867219916007572
tour_idw8zh4idj,0.35046066268875087,0.4426220396628854,0.02442562979726321,0.00791780988126221,0.017195841176044953,0.1573780167937933
tour_idri1bxxwf,0.15575168794805422,0.022706745399474343,0.0005055603154781162,0.19955393896200818,0.09156506383669427,0.5299170035382909
tour_id9jns3l59,0.11159565922935019,0.3411968019173267,0.46363630822999946,0.008851108885035432,0.016490780356641154,0.05822934138164696
tour_idykz7qmpj,0.275847538390758,0.08702527687071829,0.001874595973271092,0.0753586114838197,0.040671393691805044,0.5192225835896279
tour_idff7h0lmy,0.45515475090044877,0.3091530384692981,0.01893818235122226,0.040324121484699826,0.05011318943633828,0.1263167173579927
tour_idjhminmzn,0.7657135072347692,0.1361520646270201,0.004548639196889507,0.004545998808340147,0.003855484361434065,0.08518430577154701
tour_idiihytata,0.05480108241816013,0.7171133658466817,0.1895062107367158,0.004587128346747926,0.0067685766424737245,0.027223636009220807
tour_idp48ka6jb,0.12793330996314128,0.7681095729442531,0.02100143450122749,0.0067994752646592035,0.013029264460251017,0.06312694286646801
tour_idthc6m7sk,0.33040250690656847,0.538479515477198,0.010327138078914428,0.008945525281408944,0.012234431752778944,0.09961088250313122
tour_idikm37slu,0.3927493154248575,0.46763538009901273,0.017824901837029308,0.01704432977920652,0.01958421508510962,0.08516185777478433
tour_idvay0ce8g,0.014902580350849603,0.00416360288033536,0.00021223183332981583,0.2330836095827635,0.5200231235239606,0.2276148518287611
tour_idljettp5j,0.008159987117700855,0.003190805255554879,0.0001723271697538516,0.2691670821318056,0.5154705479017467,0.20383925042343798
tour_id6b75m18g,0.013501979699926255,0.005773550426389255,0.0002515256731439393,0.3127583275964841,0.31925263465044107,0.34846198195361533
tour_idh1qz4kip,0.36422667820193555,0.30810399473989514,0.02112987309243581,0.046421086833032324,0.025121169821881794,0.23499719731081944
tour_idct1mds8n,0.390554273499639,0.516469997189684,0.005924586085454597,0.007759312842664316,0.005310746788727933,0.07398108359383007
tour_idmdkapl5e,0.2063294204067181,0.6450718059713219,0.015489691677149996,0.01767668937163096,0.01059181339802464,0.10484057917515437
tour_idtxl27kyw,0.07588597116449419,0.01916619794246209,0.00045406565693614277,0.21326273225539297,0.08529823329481911,0.6059327996858954
tour_id3f5s1s8k,0.15355616975654163,0.7443392724869862,0.026520609313507627,0.006504319548471137,0.006096210889748132,0.06298341800474538
tour_idmy8ugm33,0.1796565398293769,0.7665298353674959,0.013449809546772027,0.0024917656760671983,0.0036257424217639575,0.03424630715852399
tour_id15xhujqe,0.08327889019055879,0.76170041287858,0.07262408869182205,0.005282478294362085,0.009557612451321463,0.06755651749335537
tour_idnvjzjzis,0.027771032233936288,0.011517623096609454,0.0003044695979664002,0.2435786175545171,0.12574188816955328,0.5910863693474174
tour_idicgj22ml,0.08281011104976252,0.8768298480862203,0.019225329238483514,0.0020997133011786554,0.003196968084417966,0.015838030239936872
tour_ideq6kef16,0.380288476280398,0.41625299904240187,0.048651352151724656,0.01404421853995284,0.016832696585769902,0.12393025739975266
tour_idm3ru5o69,0.1589012460085604,0.7351192452789624,0.009621735590482681,0.012156472742183774,0.008222170292269489,0.07597913008754112
tour_idtjnibi1v,0.017959964930818535,0.007506425035746117,0.00022889761140971435,0.27251036932720746,0.3823401683295736,0.3194541747652447
tour_id9mqg4jpi,0.7782947110426987,0.09934628840401358,0.00282768576105747,0.00525189616922124,0.005160410124342702,0.10911900849866632
tour_id6qtlrlj0,0.14546767789450266,0.05189993384816006,0.0008347602924366965,0.07127090148267852,0.06021866020756158,0.6703080662746604
tour_id7quxawwm,0.4859399554270317,0.10854086528433966,0.001423046335977023,0.01132487215043607,0.0077638397575488915,0.3850074210446666
tour_id37beg9uz,0.369928469803948,0.5298605242851768,0.005741551959550934,0.003257120738154615,0.01006886675566385,0.08114346645750589
tour_idmul4fjnn,0.0839427362045351,0.018015539779299077,0.00035436526491656214,0.21551348395999417,0.13878073226674598,0.5433931425245091
tour_idotkse0oz,0.23516954139307839,0.4522002581659711,0.005061007189733497,0.023785060815774063,0.04587395299036408,0.2379101794450789
tour_idctl4gkkk,0.4249181594833519,0.33712009380781083,0.005520789493035575,0.00702434310191552,0.00851246197309323,0.216904152140793
tour_idkzhlxsk5,0.3725163720033226,0.4079396802638442,0.005245326531690083,0.007703291719988509,0.013340425034677132,0.19325490444647753
tour_idt8nbpyzu,0.25200590554459296,0.11023976938608895,0.004324438804796171,0.10549087355010472,0.04936842050953676,0.4785705922048805
tour_idlvf31ik8,0.34249558295798754,0.2872270552757087,0.005869737681793516,0.017850016202911434,0.009297767730853505,0.3372598401507453
tour_idbgqv7ifs,0.023036200533801975,0.006037824949553574,0.0003927012297220456,0.27434101343699124,0.34114498619420586,0.3550472736557253
tour_id0prergei,0.00875402199853098,0.003566967632668461,0.00018590920537969497,0.2816314327996882,0.47001476393235087,0.2358469044313818
tour_idj7tc65fn,0.18071406739914977,0.043558749085216904,0.0012418400569099927,0.058810880497321034,0.05440004466651404,0.6612744182948882
tour_idm1x1vxbw,0.01558296748733704,0.005080802182602996,0.0002994367374766099,0.27926783312782133,0.4933156520654699,0.20645330839929205
tour_id21v0cxt1,0.18484387048080775,0.6657388760571018,0.00644898305996251,0.01080932243891975,0.022494682323781247,0.10966426563942691
tour_id1mcdpog2,0.04851419068026529,0.01839224614552288,0.0007215036949293614,0.14691126356849216,0.1414784462310038,0.6439823496797865
tour_idhqzs2gq8,0.023291271618123797,0.010088039716700081,0.00037056005844817775,0.27643651449274165,0.25138250932588485,0.43843110478810143
tour_idbjvcvpse,0.023330104295606856,0.011203247314128095,0.00031115082197434444,0.30048952282031594,0.2413288197448249,0.4233371550031499
tour_idqmtjec5c,0.2553775146884716,0.18454607564475,0.010530769142069022,0.04531316650259004,0.08082852438548635,0.42340394963663297
tour_idjylqwsbx,0.19146751597988648,0.7475383687871306,0.0062725936939599155,0.0032809290420738437,0.005725884747668081,0.04571470774928096
tour_id59lpui19,0.015848499977270503,0.006223491964292029,0.00032491623650343285,0.1836053935391409,0.5361287659379703,0.2578689323448228
tour_idfcuq5wgy,0.08213125817045444,0.02799515557979756,0.002417453469110732,0.07744386114283067,0.12967375793234742,0.6803385137054592
tour_id7pyzqpkw,0.12917336397209084,0.7749717125991988,0.020560235794811234,0.0026191111726156877,0.017829176032136906,0.0548464004291465
tour_ideb9lf8br,0.41859142492253754,0.49144550441646473,0.009595751727145998,0.01039579452415705,0.004814836699014932,0.0651566877106797
tour_idzogf5dwk,0.22355889411806293,0.08583807013681719,0.002231670441510721,0.035349218624110654,0.021295459266189497,0.631726687413309
tour_id41mnpgqc,0.06873363807403092,0.8497079195698125,0.030910540706707415,0.00841088947793283,0.004809872090845883,0.03742714008067044
tour_idmwyzw189,0.009932212536124195,0.0062289391369878796,0.0003658267122842688,0.3013564895926348,0.4794745006341689,0.20264203138780001
tour_idtjumeoc1,0.19622896973156753,0.5613303124965722,0.013201264377687337,0.022932630512915338,0.01635403104470616,0.18995279183655145
tour_idtncu3vvj,0.030308670477246995,0.008904595749635867,0.00030159402257676075,0.2735220100587165,0.2640538644329789,0.422909265258845
tour_idzcavo88u,0.006137989363183991,0.0038864900130021604,0.0001545115973776892,0.1720138480427852,0.7337152913752516,0.08409186960839934
tour_idkot0odg6,0.025881111097732692,0.008059688425987402,0.0003267965124982882,0.2790975197710297,0.3098555249153223,0.37677935927742956
tour_id8z19zqq4,0.14401603557833265,0.8036193522989568,0.009753743111944987,0.002768424116583507,0.005458720943983749,0.03438372395019836
tour_idm10lb8m7,0.12961884870172302,0.04623768395833279,0.003767629275356261,0.08351994311701172,0.1786085376483338,0.5582473572992424
tour_idr3vd82x6,0.739398893851076,0.15957272633518121,0.00909371735023885,0.009148132294073125,0.0055311158410573024,0.07725541432837346
tour_iduzdp7vc3,0.19857056799832434,0.71323645892947,0.025812699333451695,0.0062868767932989875,0.005904619279780348,0.05018877766567466
tour_id095wm8uu,0.19408113724965873,0.09396059764737208,0.0009674808229812986,0.06553427920816902,0.025791980383252932,0.6196645246885659
tour_idfr76spf4,0.7488741205665348,0.10137509507073988,0.005068742618155949,0.01020624737530693,0.009597244924579461,0.12487854944468306
tour_idjs9dcswi,0.2606980336181637,0.6291539214785568,0.008154577589660355,0.011840159868672637,0.009535187478635195,0.08061811996631132
tour_idz34rclqa,0.3259460559866969,0.2453676095146916,0.0022657214260643926,0.02284326112332173,0.009905716677593393,0.39367163527163196
tour_id68ja64qt,0.29086726752717806,0.07978217078472194,0.0010113071281924457,0.03280700763128984,0.011321439021809744,0.5842108079068079
tour_idxac2uuqv,0.005091997482908162,0.0026523299927857114,0.00013321459914591402,0.11028574507693617,0.8110379021980054,0.07079881065021866
tour_idf8oqfnlm,0.1475751410465886,0.07099814623740848,0.00128909293532935,0.11135684756540706,0.10773756534948273,0.5610432068657838
tour_idvunzjwfc,0.19597792646095863,0.6604004709814233,0.020215205929458885,0.007068637230999009,0.027684969784042276,0.08865278961311789
tour_idw21ciy88,0.09251548272700813,0.8610106649275463,0.01678898572492552,0.002290618262668221,0.004264866803223794,0.023129381554628146
tour_idh9xqxr96,0.055383199915241606,0.02895922986912633,0.0008888718274236362,0.27335355003206674,0.07008442497715779,0.5713307233789839
tour_idxverh9fy,0.004607584437160326,0.0018017596504083205,0.00010929474327943839,0.08192257213666056,0.8489265237535071,0.06263226527898433
tour_idokj8jc82,0.38763276396066104,0.14035006021601554,0.0012019856782420732,0.015497388502123666,0.009225585901843376,0.4460922157411143
tour_id7nzgco3n,0.33613438364978376,0.4751465950600151,0.018087439300891534,0.024778571598521162,0.017531874091961566,0.12832113629882688
tour_idssevzcvv,0.16015968025364846,0.044933947914305265,0.0009245125514229491,0.07855155679643638,0.09331095641128037,0.6221193460729065
tour_idpl6n18rb,0.0056817774246043125,0.0027522194239288328,0.0001387295354105082,0.13991095556861063,0.7348158167673243,0.11670050128012134
tour_id00ickkxa,0.021283593478294525,0.010920898435549602,0.0002742876567207498,0.33154001816851375,0.0889821198143812,0.5469990824465402
tour_idtc8elj66,0.12549811323503354,0.8093610306458456,0.025336438984488088,0.002655912044066665,0.007853314222494828,0.029295190868071218
tour_id9jslxdlc,0.11722689015514286,0.8196048430823798,0.027834291621598787,0.0044305696438985435,0.0038931206728884237,0.02701028482409166
tour_id7l1tqq3l,0.13917933199837937,0.7946431895648868,0.01964338778246765,0.003088262789605332,0.011307792196873846,0.03213803566778709
tour_idarhine53,0.11716781864570455,0.797439696402201,0.0368231357487663,0.0031689659782493463,0.00826466814238237,0.03713571508269642
tour_id1ssjmgtf,0.016368691714610813,0.004991438189954037,0.0003673368061548119,0.159922686404876,0.6958063930065238,0.1225434538778806
tour_idcjzpvsbd,0.20290820355652234,0.030380777242196323,0.0011312673524393852,0.011275839144263378,0.030771477585602735,0.7235324351189758
tour_idp53f6fg8,0.01613360791420434,0.004594923210725774,0.00026743323356108863,0.1807977979605152,0.6326866510636087,0.16551958661738486
tour_idrgw9c70j,0.5624528233627907,0.23649421170177826,0.0032200522961731387,0.01208882033333666,0.011346647748413163,0.17439744455750805
tour_idlx2jlzs3,0.23144169086884891,0.06900972965413019,0.0008767044916854851,0.03211035150381099,0.01053669134218321,0.6560248321393413
tour_idjateimuw,0.7264166054284285,0.13002006387809525,0.004190900412136161,0.005174957847645049,0.0039568730345142505,0.1302405993991808
tour_idof6v2a2t,0.04227157924984207,0.009128182335117628,0.00042885609971154184,0.3602008768661712,0.21215331505126822,0.3758171903978893
tour_idbphqzwq0,0.18408806145739603,0.7260426113757432,0.012672890972000105,0.008297724263787502,0.006659400909747727,0.06223931102132541
tour_idnju0d13b,0.40823934978442655,0.4411994179565422,0.037676389566471846,0.006625209437854086,0.008022963791038253,0.09823666946366702
tour_idbtqabgv8,0.2573241124728942,0.3837041995974614,0.003303069794148449,0.041117473916808915,0.015948910749591646,0.2986022334690955
tour_idkzy90idc,0.2146556897390725,0.5283593784887767,0.03567981124468688,0.008960169532664248,0.05619665047212298,0.15614830052267675
tour_idybhcrip4,0.20104696157986474,0.6738309851065394,0.04331082507291101,0.005609922773696407,0.006501952136889396,0.06969935333009912
tour_idgo26zwiw,0.057493851221746536,0.6878960237760408,0.19326478439894323,0.008182424646943187,0.007400310237226149,0.04576260571910004
tour_id6yuxzmbk,0.11279513886717399,0.8020805675784998,0.0174720245833706,0.004844360384357744,0.005609372752695378,0.057198535833902484
tour_idxl466y8a,0.16231185490443367,0.03230921829278795,0.0011037587933304593,0.05750665056838744,0.029867110492826997,0.7169014069482336
tour_idx73vs98v,0.18581178225194317,0.6462647364089101,0.01923213508157054,0.019977707402813367,0.024344477984787734,0.10436916086997507
tour_id3r9btjk4,0.05580393573254894,0.045092887495691306,0.0008840046723262007,0.1299545919928657,0.15366093215780538,0.6146036479487625
tour_idhgq4urqb,0.2600540376159715,0.6180391070609412,0.008729603028664823,0.0046483261436474545,0.014660611706327095,0.09386831444444779
tour_idurejxr5g,0.7623737727913555,0.1229199247070603,0.0029747987072281565,0.0037782553109553707,0.004083280483375966,0.10386996800002454
tour_id8hmm45yg,0.24521757989930004,0.626531793453703,0.015958905099665,0.006905311091073145,0.006592329556623359,0.0987940808996354
tour_id18jsnowr,0.21940823028620826,0.16978043988440278,0.010562143682579348,0.03564934962121654,0.03044414417813529,0.5341556923474577
tour_idgs3jbjvb,0.28787038947377686,0.12030477741218772,0.0015752167359458227,0.026397461171689486,0.013227222312456993,0.5506249328939431
tour_idikwsynra,0.0608976220365661,0.015661923189610134,0.00045572075382215764,0.20688733548990648,0.04712320957374251,0.6689741889563527
tour_idxexxrypa,0.10789608423978744,0.045613385690320224,0.003139152828678357,0.03593675132956532,0.03175073651570698,0.7756638893959417
tour_id4vle4re3,0.3250727150722873,0.5201833548642509,0.015761987837988906,0.005610447663636628,0.013770895108767424,0.11960059945306879
tour_id4ktjhmd1,0.441398675008531,0.23644180774497298,0.005214656827928769,0.024077547230185646,0.01810604408006388,0.27476126910831766
tour_id51l3gvnj,0.22192321244072252,0.6608424910403659,0.005746222291543202,0.01778037290158164,0.007825366227278242,0.08588233509850843
tour_id8pp1z0qj,0.21072814344490812,0.06182684398991641,0.0008572842577950852,0.056485894181666656,0.06291127571170112,0.6071905584140126
tour_id60ehhnp2,0.14302317327206748,0.7047954484670126,0.049186986361616974,0.006538810903395494,0.008192241462238308,0.08826333953366913
tour_idpxt0agk9,0.33662195001617046,0.47253519549215284,0.013715662627966193,0.022464504139984402,0.02736299383818718,0.12729969388553894
tour_id8zqbxmj5,0.30863777191186625,0.4708152079547202,0.00868056497114612,0.007742881652315441,0.03783014085359959,0.16629343265635244
tour_idp5ukjn9m,0.001215493006865851,0.0007207334526088893,4.56240121020204e-05,0.01924829412785841,0.9699696148045066,0.00880024059605817
tour_idu7oecbie,0.003670234945907914,0.0016150429560053427,9.392962899530796e-05,0.07308330534194124,0.8743925820576919,0.04714490506945827
tour_id1dr9cikr,0.0897994157176685,0.8559040891414276,0.02113464662628939,0.0019225888060072395,0.004858798938627673,0.026380460769979755
tour_id0r3qxbif,0.1259945056409659,0.02811992779902327,0.0006694639443095838,0.08720174183597791,0.07576923708562051,0.6822451236941028
tour_idnox2sywq,0.12130055175844523,0.674306645984587,0.00673775630187558,0.0387350150675808,0.013863787613573868,0.14505624327393743
tour_idy1jgkshd,0.0027439089265348217,0.0014010796383824098,8.612089281736233e-05,0.05324026573714968,0.9139403693223505,0.028588255482765217
tour_idgww40skh,0.41190681118101524,0.5005744538812124,0.005358567238284834,0.007525196553832408,0.004568185230519217,0.07006678591513592
tour_ida8jpbqln,0.2271147424601845,0.6374818325079257,0.0740736870725259,0.003732457935740619,0.010259086277371713,0.0473381937462515
tour_idhyrqzusv,0.09677337030724678,0.02215349053568557,0.00048783673260880225,0.13489330688795576,0.027459111395458057,0.718232884141045
tour_idhad98cqz,0.24920946101110994,0.4843175777709202,0.007777896574552652,0.028055080900937723,0.023669285979243664,0.20697069776323584
tour_idmwm72g00,0.7508563940990023,0.13757140688777714,0.0041011118836115105,0.005543665238563766,0.00710020441578836,0.09482721747525684
tour_idvwseyhh5,0.10525944731336356,0.8222934839633159,0.025334712039745348,0.0036583120102282466,0.004493204311144113,0.03896084036220282
tour_idgcf1yvij,0.01235622615982288,0.004527753582528803,0.00020277470159434942,0.30792244790581924,0.29444045310706457,0.3805503445431701
tour_id3rxtrcif,0.05855341930594864,0.8636286097925892,0.020502700829573513,0.005715334983520441,0.007061733564271685,0.044538201524096474
tour_idy8ljrftg,0.3831271170744338,0.45359465218202977,0.011436705908982256,0.014878862942693957,0.012533292650312444,0.1244293692415477
tour_idnp3tf107,0.06559365212680494,0.0183807277596146,0.00041406265523348496,0.07877225085918038,0.0777373964965608,0.7591019101026057
tour_id6flbqbca,0.20425378478860953,0.04928570795489749,0.0006143246108325728,0.056729627266215485,0.04100793159072043,0.6481086237887245
tour_idlwhkzuj1,0.3084096052176194,0.3917280982939804,0.024076908756271706,0.011876600520273065,0.02548699813682498,0.23842178907503048
tour_idyj7ih64p,0.09166604191361309,0.036032093112813295,0.0010166365321124724,0.11615135574689076,0.04019664962145257,0.7149372230731179
tour_idpsajjmyx,0.23024525773818247,0.6177373152911237,0.020364806367271053,0.01091355569054027,0.014146599138968327,0.10659246577391412
tour_iddjm6wl6i,0.11587611850630491,0.028768489065438312,0.0005630324649486522,0.2169434575150092,0.13301324840650497,0.504835654041794
tour_idtagybv4g,0.37861914229195714,0.4795510503785648,0.03744070649452383,0.006119288627665849,0.02653607868089937,0.07173373352638901
tour_idqafmheqa,0.3447741725791601,0.3966802023472331,0.006976011639343,0.015737056503082283,0.027909557034689454,0.2079229998964921
tour_idyi6los82,0.2881159637601291,0.10669169890220398,0.0021436075591780616,0.08730071365180625,0.05380427362469074,0.4619437425019919
tour_idih1eowcb,0.3896073490170822,0.3601683247447801,0.04580768892150963,0.016253505816919093,0.02676582194120132,0.16139730955850765
tour_id95d3hnoi,0.3597872228564245,0.24384402461316357,0.061890249166249175,0.029592193946502476,0.12358328790128759,0.18130302151637268
tour_idvldrbm0s,0.12340087490277149,0.026444185464801172,0.0003827839807331011,0.11623418969673774,0.054340545100442283,0.6791974208545142
tour_idiu5a5tzw,0.08898880025530426,0.8409712261432741,0.0292840628384115,0.004801232514945615,0.00949757888099086,0.026457099367073536
tour_idv36rzh7c,0.019603504750875987,0.013560603369293435,0.0007479818226386525,0.18975276267918276,0.6055992424372042,0.17073590494080498
tour_id85njxjsn,0.41046489614851445,0.2875403571769988,0.015115299432623366,0.017859598505824102,0.019505173020100394,0.24951467571593886
tour_ids4xd11vg,0.07502801773794723,0.8576757796316505,0.036992393940045463,0.0028395141190952706,0.00544332790737239,0.02202096666388906
tour_ids6e9lk9c,0.2678595589834012,0.41663237828312516,0.0037420292573157486,0.031221072835006608,0.008786937820866671,0.2717580228202846
tour_idhprlrkv6,0.20795121916197606,0.11976659135023078,0.0009993203474622896,0.056006458791326465,0.0472727236215747,0.5680036867274297
tour_id99pyaz9x,0.2431476845340419,0.7217423845017554,0.003334208645264151,0.0018801294816919159,0.0038382185645262036,0.026057374272720545
tour_idg7e3ui4n,0.3645894893630219,0.18735591641074983,0.0021385880149532794,0.026088156793568865,0.01307511635095492,0.4067527330667512
tour_idrh37r0j7,0.05176699870449446,0.02681369626222688,0.0007578640688817108,0.12494997656209363,0.3509843638688287,0.4447271005334746
tour_iduxrqhcea,0.18622561840926855,0.7247623545362039,0.00878558263675026,0.00426325363968913,0.008233342922656036,0.06772984785543217
tour_id99d7kiwy,0.2846221773534606,0.5084397689898383,0.043599876966623194,0.023238516351332845,0.01637965080305684,0.12372000953568815
tour_idw8wm2o5v,0.03795244970508078,0.010358181236415267,0.00033019311689154766,0.1670016602125891,0.5414639776920078,0.24289353803701552
tour_idqyq9zw0y,0.2583326238011572,0.5946944806422804,0.04964190744317579,0.011343982589521422,0.036208209253666856,0.049778796270198405
tour_idivwq4v1w,0.004696409904612951,0.001914073847038943,0.00010673933862911896,0.09989809099104646,0.8356607372060131,0.0577239487126595
tour_id4xoqo9i1,0.3842209394256365,0.49212831478010177,0.010005670976129293,0.013293658330596755,0.009890931028172772,0.09046048545936287
tour_idnevz5lyh,0.07191559322534113,0.8538297913318604,0.04924034499264893,0.001958812013477809,0.004040801112705425,0.01901465732396626
tour_idn49b65yc,0.04617383710997178,0.014612916616000199,0.0002597599975351885,0.1241593561478618,0.07578988317310266,0.7390042469555284
tour_idjrta1z0l,0.1565478119199235,0.7480975427649461,0.030911905525615874,0.003086878317522401,0.008107520063710206,0.05324834140828187
tour_idequkopmm,0.19192519508027203,0.28743456704705883,0.00395805489110867,0.06986220681780907,0.0488439731076834,0.39797600305606806
tour_idkr5a8qhh,0.22183089262541908,0.28030012398468346,0.004149474587910491,0.031982378219141884,0.021771416615313753,0.4399657139675314
tour_idck1i9jpy,0.006786313608598533,0.003267535166086874,0.0001749328357663525,0.10649628857042426,0.7975822973268998,0.08569263249222414
tour_idamsemrsk,0.7356545356317599,0.12462883241679062,0.003275776669230647,0.004740646882316372,0.0034642296255771115,0.12823597877432547
tour_ide41cohib,0.11017847223320087,0.851071877776295,0.004694292454885179,0.011070481153681522,0.0041322065969102185,0.018852669785027275
tour_id2capxqan,0.0033099780477978177,0.001583079271774613,8.299735378638566e-05,0.06451732304023587,0.8947264733016338,0.03578014898477147
tour_idmkyy3nzt,0.1623994032422974,0.21344609398721204,0.010493209499782469,0.05659730002783836,0.030545523949669397,0.5265184692932003
tour_idnhl7qohv,0.08712039024578529,0.020120283955491806,0.0009778491017764226,0.113587458350426,0.024479502871010344,0.7537145154755102
tour_idh18uxy9f,0.012433165662006456,0.003946655056844556,0.0002126785477160162,0.232799273704745,0.5152971799107988,0.2353110471178892
tour_idi0vhg24d,0.1620823695789061,0.10783904872607537,0.005397453376560132,0.05956874218655939,0.1286495038525985,0.5364628822793005
tour_ids4vqip7q,0.4637551359713106,0.4027775246668358,0.004407445572535345,0.007008064117928762,0.007002199575010793,0.11504963009637867
tour_idgejmazuc,0.7685393643001113,0.11601770206638962,0.00316408496869337,0.004419504127614077,0.0033855811092267287,0.10447376342796491
tour_idf80dee6z,0.21024319641301115,0.3966443568873004,0.008660314675545455,0.020775848691288647,0.021622797191142296,0.34205348614171205
tour_id52jj29ct,0.1400907946445629,0.09879326426561386,0.6472075570555725,0.006862551862744182,0.015125564595836603,0.09192026757566996
tour_idmku52s29,0.04202174185755668,0.0288735830549779,0.0006326064303113551,0.14720517291262564,0.11032383097782587,0.6709430647667025
tour_idfj2056k5,0.09439499552376826,0.03556607850543532,0.0006422882430872667,0.07909858925559793,0.03964226440017206,0.7506557840719392
tour_idk3s3sgcv,0.41340321973724614,0.12576976190378275,0.0018496157386124973,0.015422022639013872,0.014697658545413309,0.4288577214359314
tour_idz33d41ks,0.027001621350720897,0.017849661653369923,0.00029043789616848116,0.1563204944215782,0.13755792556503868,0.6609798591131237
tour_idl0ttjrmc,0.3298392081278032,0.26334696098912125,0.022875524997429366,0.04134886093534627,0.13863659174549997,0.20395285320479994
tour_idu5k69z9i,0.2521332820589573,0.09203201884585692,0.0076284181894952785,0.04146370949340126,0.4140941501519398,0.19264842126034953
tour_idf66smscv,0.028166442372674932,0.007253738759940511,0.0003350957585784117,0.29300649076455737,0.23692112858677977,0.4343171037574691
tour_idur0p7exw,0.7721282135232512,0.1342473449633046,0.003536064246892621,0.007334305986341039,0.004123092273535089,0.07863097900667541
tour_idjsiq8h6o,0.2728891080846846,0.12993448333335375,0.04062293032064987,0.02531351966836786,0.06034262636980732,0.4708973322231367
tour_idh2992qz6,0.13677578281601088,0.771945838355413,0.041929156486980396,0.0031910799188137173,0.009052165813703068,0.037105976609079036
tour_idzmu73uvr,0.051990754899117704,0.06830468024686501,0.0013653742443717888,0.10690853031544185,0.08655746230685249,0.6848731979873511
tour_idbsd6a9fg,0.260959919358585,0.11408517401488605,0.002324152553525178,0.07731041920272497,0.038330503754380935,0.5069898311158979
tour_id4cj9lep8,0.14022912833719015,0.7390119457769498,0.03293417644438155,0.006642744371748237,0.013464327795889531,0.0677176772738407
tour_idd18a2stl,0.41352840194457785,0.402459807717251,0.006244041134466681,0.00581208957400239,0.02261583242861348,0.14933982720108857
tour_idjrqlybhn,0.14584914053811962,0.03306728422223151,0.001431202701850527,0.011724241089380891,0.16196463104362707,0.6459635004047903
tour_idxmfwoy4j,0.10166253780226736,0.790636778008466,0.04319842554160693,0.006344034724498712,0.0050290254238133025,0.053129198499347746
tour_idafio0e6r,0.13541216781319385,0.7986922544124426,0.014569280855419618,0.006852275907794438,0.0062001529801310445,0.03827386803101844
tour_idwd2vbr79,0.162008683286964,0.04447030608232823,0.0006042922909310506,0.07802252065596643,0.07013405126666276,0.6447601464171475
tour_idtxmv1vn8,0.03764965149541623,0.015284722388300738,0.00036577966347467716,0.32407565157937535,0.11172105250657102,0.510903142366862
tour_id55m6ye74,0.15380067558419375,0.06773460761435887,0.0008221099972372396,0.07431542446087683,0.059853440463107005,0.6434737418802263
tour_idrjo6d6m0,0.2271246613882082,0.7373802112193859,0.0034101376877997587,0.0026329995916405283,0.003945873597555927,0.025506116515409738
tour_id7vxwd2qi,0.45307176642763036,0.09461570824031229,0.0031427855651263506,0.0646887001771724,0.021543194500738126,0.3629378450890205
tour_id2lx80ftk,0.14247268489577145,0.1127661460750305,0.0015895193360192395,0.10394920503298319,0.14551307334955185,0.49370937131064385
tour_idys87o0ds,0.4319296917242673,0.051351831544568,0.0012303155628977304,0.01040683931270379,0.005475172633349986,0.4996061492222132
tour_id1fy4lusi,0.7612256031305387,0.10309306384472125,0.003513129954978932,0.006241918961276126,0.0055116782691901,0.12041460583929502
tour_iduw6503kx,0.08040954561433941,0.029720954840581626,0.00046831375243156295,0.17321698430232824,0.050030580228105075,0.6661536212622141
tour_idu1kt91ev,0.14107506352698754,0.048185093300799495,0.0007294093231266299,0.10506035200237013,0.08598913673465833,0.6189609451120578
tour_id53o0z6dv,0.5470330396739587,0.05037681201213913,0.0028437598530835625,0.037910986606702446,0.028177889598680506,0.33365751225543566
tour_idz6rfgk6y,0.3173120099657233,0.20930727866030646,0.0025351157844866728,0.043940680777591126,0.022983516256297402,0.40392139855559517
tour_iddt68t83y,0.011103273707345814,0.003652475086011844,0.00021966061415752553,0.2819791753889959,0.5277181218281436,0.1753272933753453
tour_idb6b9fe7o,0.13342170606994416,0.02236824978209623,0.0008790678137821284,0.09900285682479629,0.02960276564444818,0.7147253538649332
tour_idgiofw9gq,0.5697516527436468,0.24868732898494267,0.004494183490762025,0.005849834755839963,0.012846571979220782,0.15837042804558787
tour_idlaknkcn4,0.46493517490633,0.39008803856188884,0.01139287411637168,0.0071987133508154,0.014313310682891904,0.11207188838170218
tour_id3tjp864r,0.2150530919026048,0.05149198915794116,0.0010164262637968866,0.07890132695590166,0.09423159782329052,0.5593055678964649
tour_idy76hhahh,0.2816043609765844,0.6108490566249503,0.011090124360544473,0.005203893014390367,0.0068541374667827806,0.08439842755674767
tour_idufgz5k4v,0.38126557732948624,0.09129088380660244,0.0051858130608653415,0.030160926813994477,0.024176021980456385,0.46792077700859513
tour_idt79f2xgp,0.279773195119264,0.2790644321212971,0.0024517447763998377,0.072196027986875,0.03846588782786032,0.32804871216830367
tour_idrpkhu48l,0.2841857219221118,0.2831792109016096,0.0037395038439024036,0.05371331697144802,0.029121142040461474,0.3460611043204667
tour_iddskibken,0.36822919431578394,0.18595085735660763,0.0039998066252221135,0.026920119412554344,0.02685508989738411,0.38804493239244786
tour_id0yne0qoz,0.02484469679033089,0.00647106193260031,0.0002616906184447617,0.2615341541887327,0.3002553302463494,0.40663306622354195
tour_idswphik77,0.18835601336424868,0.5262922150919088,0.20618863171902624,0.021366555651061533,0.01590506308647821,0.041891521087276486
tour_idqq5ggah5,0.1132565427416364,0.7898749155855046,0.045740507203205924,0.007556441286403259,0.006091715262425212,0.03747987792082455
tour_idu5zt4ri7,0.19294933258289532,0.21853024308400693,0.00498927416722755,0.04927344938850503,0.03150556249054285,0.5027521382868223
tour_idvya147vx,0.054754470869309374,0.8355303652139271,0.05745348857447574,0.004306198672313196,0.0045912207683435746,0.04336425590163101
tour_idrpntkknt,0.4029397140518917,0.37458898130071105,0.004763112488739343,0.016631722298775596,0.025813985769267717,0.1752624840906146
tour_idraeuhzn4,0.06403409038987623,0.013887118508333409,0.0002669322259182627,0.13259092451036683,0.1028257065593536,0.6863952278061517
tour_id9j5ntupu,0.19742234148655796,0.7171759168632328,0.015415272267663808,0.00806035650760491,0.007106189275463484,0.05481992359947711
tour_idzh5y8x5s,0.11977322846822093,0.02092012591104101,0.0005250571036640505,0.11604014155368102,0.17999301439371249,0.5627484325696805
tour_idml3wpa4x,0.07943102035826584,0.805686479806387,0.07602861676988826,0.004019037348850802,0.006456381455346313,0.028378464261261744
tour_idb5wwneht,0.07191966880440806,0.8606128890589226,0.04401200302521929,0.002168181657714337,0.00431006565323213,0.016977191800503624
tour_id6j0d5sc0,0.4427769078195075,0.16453614387573434,0.0031133231386824703,0.010136694042216014,0.020739362120565152,0.3586975690032946
tour_id8jaxzf3i,0.20924422889108285,0.0486651533538064,0.002445914373626604,0.036878517629047855,0.02879774609356634,0.67396843965887
tour_idqtljd0wy,0.496257214244729,0.19446590114049023,0.0037960264297588284,0.010352173408222885,0.014801327169693256,0.2803273576071056
tour_id4rq5gax5,0.03210218660653176,0.03822053886467408,0.0008129273096512102,0.24640452855109002,0.3606617542873485,0.32179806438070446
tour_id220owjdl,0.19701376381033658,0.6397009867277055,0.02639337963029274,0.016154731352542716,0.01031084623543815,0.11042629224368436
tour_idifc5uhep,0.0055760620100765755,0.0037591677955166455,0.00019735755751934645,0.23517533033589416,0.6527350603793518,0.10255702192164155
tour_idquwcxoqm,0.4976077197314174,0.07660500398785783,0.0029184945864186573,0.019676909342916625,0.01032814815248367,0.3928637241989058
tour_id5dtj3tq9,0.1685512409484491,0.6444053254128784,0.0110058608390913,0.006895618580277919,0.033151121066467205,0.135990833152836
tour_id7y6t2y1a,0.04453128287164824,0.006872904433423838,0.0002746549950434858,0.24015998984709439,0.27261955654991843,0.43554161130287156
tour_id7afyqg3c,0.11792718714304684,0.05404382133203583,0.0013348459677039644,0.04680975200691509,0.1542028260819716,0.6256815674683267
tour_idkrwfvqny,0.10763895638698204,0.05448992967734847,0.0011496435241535043,0.06490052762560221,0.03713677859006878,0.734684164195845
tour_idsab6ci0z,0.2261561798857481,0.10229716825996088,0.0012112203798616196,0.01570250141459741,0.025187824853963363,0.6294451052058687
tour_idtbcgl3ok,0.03368605506796801,0.009073141963804866,0.0002709460686914181,0.26193915236254744,0.11105947416202758,0.5839712303749607
tour_idb29m1zc9,0.006301074318013139,0.003061509985245222,0.00010279999939345763,0.07897701370551125,0.8627195154132562,0.04883808657858075
tour_idg37cnny5,0.19448466777135898,0.38123698234626147,0.0038912547797945556,0.01799401492943103,0.02077255807807945,0.3816205220950745
tour_idyivzhi1g,0.07905092192975356,0.01710132953540179,0.00035975260377920553,0.12805041945788773,0.1934217906965004,0.5820157857766775
tour_idys6jeerv,0.4033798075579488,0.24197133182964978,0.019641665136893596,0.046982020334688346,0.0640929448671694,0.22393223027365014
tour_idf2bhsuv9,0.018370358463875608,0.007242135494706408,0.00022049143237002055,0.1824710354405698,0.4602326209585216,0.33146335820995654
tour_idkslkxm6c,0.00917126967524913,0.004007178689174746,0.00032261858868926096,0.1823937151930512,0.6921747983440336,0.11193041950980213
tour_idinanh2ib,0.18861946960838907,0.717128033384262,0.02715136167653808,0.0077951384721097515,0.007493992021510831,0.051812004837190395
tour_idfbvkrd52,0.3550158469297721,0.21609660338852216,0.002739809845979684,0.09013485228409032,0.0639228800354474,0.27209000751618834
tour_idorlcjtl0,0.5405641525783493,0.273327651672566,0.00343950492933592,0.007882830367789225,0.01081997724113665,0.16396588321082284
tour_id1rsu7v9u,0.30598747135270093,0.48650471838156617,0.005560113484643534,0.0070031659805768805,0.025019105584334567,0.16992542521617793
tour_id6syl4xea,0.042241263307394084,0.01610915942224977,0.00038270045827613224,0.17969352127071192,0.17470078869569333,0.5868725668456748
tour_idw350rwr6,0.022701727238733586,0.009176324907980041,0.00037252998307727955,0.22125738511472204,0.17383631549215903,0.5726557172633281
tour_iddlvfw74p,0.26233218086712684,0.07317752526979432,0.001533291672862295,0.03847088283491333,0.02332361368667086,0.6011625056686324
tour_id19ga2seg,0.010505927067905117,0.0030861746308672956,0.00017846385354951757,0.17546347279747654,0.6443539198170664,0.16641204183313518
tour_idt4nh14t3,0.044757584253574886,0.009308490236764878,0.0004990916959746825,0.27680077233163847,0.2403148165098827,0.42831924497216445
tour_idivophlfk,0.12756954508446522,0.046207187462208664,0.0007456609832886441,0.09570785347939405,0.02194463063181874,0.7078251223588247
tour_idn3oclcev,0.29474907866627215,0.18460387118412352,0.0022141338747587776,0.010160997802066528,0.01809528697640011,0.4901766314963789
tour_idqsq7b1wj,0.30531201502026495,0.10825222595340181,0.0018543972759037916,0.05393770648133121,0.021128355771774143,0.5095152994973241
tour_iddi4frevq,0.12039141844899365,0.0315637934451205,0.0007554623911084537,0.10053267001489358,0.03333375910864014,0.7134228965912437
tour_idsd6yvwdu,0.35994865976172796,0.5865309386987705,0.004008382788506779,0.003201999050700182,0.004144997808903722,0.04216502189139093
