Tour_ID,High Cost,Higher Cost,Highest Cost,Low Cost,Lower Cost,Normal Cost
tour_idynufedne,0.13100366179941664,0.042716819877782614,0.0005563315579926037,0.05552137683629364,0.02662460323903761,0.7435772066894768
tour_id9r3y5moe,0.2474582258468404,0.5545906037164257,0.021088702970042346,0.008307797112374563,0.023610859681973975,0.14494381067234302
tour_idf6itml6g,0.7297426624957434,0.1405925226110992,0.0031787388099706222,0.006370968519957536,0.003943833969630011,0.11617127359359924
tour_id99u4znru,0.04488175945023714,0.019433542568523164,0.00041645631619373466,0.29037540086111785,0.1368433877465431,0.5080494530573851
tour_idj4i9urbx,0.021537528544089073,0.008644391267779059,0.0002465214885630432,0.26686439812726426,0.2931980671891333,0.40950909338317115
tour_ids94pi2qs,0.03792449920031478,0.016404499154491346,0.0003822919071996328,0.11470850941110779,0.5560128056415093,0.27456739468537716
tour_id9xx2dq4e,0.14167659928110282,0.8089833274413736,0.004013015453224275,0.006751078029090239,0.003394473577978779,0.03518150621723035
tour_id9q7cbwf5,0.022903641468084986,0.006962253654306605,0.00021452548060855108,0.23404558477823495,0.3382803248318834,0.3975936697868815
tour_id28uzu8li,0.31688632571495634,0.4045240235860107,0.010234463924757378,0.012037255114806713,0.06930045595690645,0.1870174757025624
tour_idf7lvpips,0.017858077871928637,0.00752446610979118,0.0003957443832971685,0.3825132363252152,0.25911756941162534,0.3325909058981424
tour_id69abaq9f,0.17004133379790773,0.2935184767980583,0.014263779035755934,0.06551635472843607,0.04149287871426963,0.41516717692557226
tour_id20ne7vgg,0.012243655987549024,0.004262368043804736,0.0002346408878042445,0.3298181758851181,0.47053102320436374,0.18291013599136013
tour_ida99j69n7,0.16022537819996346,0.778442346818419,0.014360973144845125,0.002788950548622366,0.004685904104723659,0.03949644718342626
tour_idzwulen6z,0.006913879478726189,0.0037487634192564442,0.00022961837680663316,0.07752241636416723,0.8498911951530383,0.06169412720800493
tour_id82x4wwmo,0.39952308811096005,0.42494909867581726,0.004946788133330394,0.025634453206277726,0.023335062510708424,0.12161150936290618
tour_idlhvaq2mf,0.12360773640705938,0.027414153645458926,0.0005212870100800428,0.05194414595159521,0.08109632756022679,0.7154163494255796
tour_id8t7kqb9n,0.7674622381065972,0.15207253005153434,0.004744430848199128,0.0060070687601620106,0.004471467807221297,0.06524226442628601
tour_idrn7vpcu5,0.016358049936934124,0.008433426709124437,0.00023864865983331328,0.228635354627298,0.22729424418846345,0.5190402758783467
tour_idqk4wakw3,0.19592492341834866,0.7093551054561742,0.008189844129104427,0.006326572686792208,0.005562931110643907,0.07464062319893647
tour_id6fa1ag4g,0.22859073491890908,0.09595013418494067,0.001721953513590851,0.05393309120937766,0.039348336012233,0.5804557501609487
tour_id8yxycz3h,0.17898892906832936,0.09188349357735671,0.0010120318011884255,0.21425576021216935,0.07928714534960496,0.4345726399913512
tour_idq3khwer6,0.023442489531705107,0.00861045840058131,0.00021630683643465102,0.18806396461396396,0.08256176701557173,0.6971050136017432
tour_idhgharflp,0.18866198840189113,0.0638249124138709,0.0019555913813290504,0.06174046280196825,0.046736253686998346,0.6370807913139422
tour_idqjzzhcvz,0.24420410856575975,0.5512136100244378,0.10699972671938587,0.02030968380269152,0.014575377952894375,0.06269749293483057
tour_id0l0xaktp,0.09482420083807835,0.02461854821244059,0.00046065952729509147,0.1703015598977644,0.03125577484053521,0.6785392566838864
tour_idbg22qq89,0.06943823210339638,0.019201398624843505,0.0005607424231440846,0.10279285659101738,0.11142121260374223,0.6965855576538563
tour_idwkhfwtqp,0.4276976801233733,0.48864871436895646,0.002299453895598975,0.006029322874787444,0.0031249193935629247,0.07219990934372084
tour_id34dyvoyk,0.14287994997471,0.021827622003398356,0.00043810390585496517,0.06080794307333921,0.0373437543410801,0.7367026267016172
tour_id5cfn85zh,0.1961118950067735,0.08146190540734503,0.0013146770773237123,0.06167206604726138,0.03853695312844891,0.6209025033328474
tour_id84rchmqs,0.01944185317022644,0.009105161217523599,0.00034663564987212045,0.3204362993325317,0.2367143441286586,0.4139557065011875
tour_idjh4cjj2x,0.1310339328548223,0.016026862872320025,0.00037892181567606223,0.18790774770583163,0.08335190975672072,0.5813006249946292
tour_idzy1dc1xm,0.3525376766842248,0.47972597006861495,0.014205439315510918,0.008574544291737422,0.029402376660179724,0.11555399297973212
tour_id80j7qu6z,0.19507392410471058,0.045921893151046625,0.0015532206899245124,0.054779703003998786,0.06231424872608321,0.6403570103242362
tour_iddtkykn6k,0.03595611431763876,0.007572754765001845,0.0005103457466865823,0.2523020702620228,0.4445847786955125,0.2590739362131374
tour_idg04qytor,0.1765512506866292,0.7199061182114004,0.011195164300510724,0.005414188326378036,0.010494605701758666,0.07643867277332286
tour_idv9sccb8o,0.4402048237654961,0.3145477949447464,0.0018520908743391426,0.008012800927438642,0.009795168185450263,0.2255873213025294
tour_idfstvxwpt,0.3667943315448143,0.3121471102782063,0.002538784318494331,0.013351268202782167,0.01620435123767542,0.2889641544180274
tour_idw8zh4idj,0.35043643570854577,0.44390903256421155,0.02492651502540718,0.007977408295631214,0.017148694808700824,0.15560191359750342
tour_idri1bxxwf,0.15745417565971714,0.02267333945945621,0.000510167855776218,0.19454620224267344,0.09161322432467801,0.5332028904576989
tour_id9jns3l59,0.11307158938511423,0.34592432194076045,0.4572044080769131,0.00874458292170773,0.015817056995325963,0.05923804068017846
tour_idykz7qmpj,0.2776434305514058,0.08714499879250445,0.0019014291363660405,0.0734018292112433,0.041403855232971166,0.5185044570755092
tour_idff7h0lmy,0.4592376942841503,0.30422497453435615,0.019212987688951057,0.039499563202234945,0.05005114327515549,0.12777363701515193
tour_idjhminmzn,0.7659154416718492,0.13536115271426272,0.004516832858611658,0.004658919691760252,0.0038363714099506714,0.0857112816535654
tour_idiihytata,0.056080455314563876,0.7123657106248036,0.19252766621715534,0.004662488293690438,0.006907945490782775,0.027455734059004065
tour_idp48ka6jb,0.12760478741672013,0.7692559780894452,0.020990614844738454,0.006778731576199017,0.012857269218426122,0.06251261885447101
tour_idthc6m7sk,0.3282421335523793,0.5393260801715412,0.01047032528901533,0.008991391241774683,0.012388373643564113,0.10058169610172538
tour_idikm37slu,0.3796033468047495,0.48163292907628197,0.018133797332315203,0.01684915188410539,0.018924743807475924,0.08485603109507199
tour_idvay0ce8g,0.015211175447122548,0.004256987408664276,0.00022444200115426886,0.23390748196620925,0.5192031252403689,0.2271967879364807
tour_idljettp5j,0.008311778708598849,0.003268913799430983,0.00018297031657200997,0.27262447759081665,0.5123179461793248,0.2032939134052566
tour_id6b75m18g,0.013418398486558722,0.005804653799754238,0.00026194615486012157,0.31451627740261134,0.32264101407437434,0.3433577100818411
tour_idh1qz4kip,0.36455640094100406,0.306036288265996,0.020996102134128333,0.048099961517266906,0.025115150273487485,0.23519609686811727
tour_idct1mds8n,0.39119921198511864,0.5141310280097934,0.005908058567296663,0.007975333590824168,0.005378022002410299,0.07540834584455686
tour_idmdkapl5e,0.20612478478088642,0.6430470529282677,0.015291937007070096,0.01874175095613206,0.010727465452685492,0.10606700887495815
tour_idtxl27kyw,0.07463307742207165,0.01920572326648074,0.0004681938310934671,0.2150681531682035,0.08566657628185113,0.6049582760302994
tour_id3f5s1s8k,0.15455410796531754,0.7414571732706102,0.02693204077788125,0.006894644581718247,0.006163375934105711,0.06399865747036701
tour_idmy8ugm33,0.18095968582136282,0.7644210791769036,0.013458847383393584,0.002476637609134566,0.0036478386117536534,0.035035911397451644
tour_id15xhujqe,0.08370535863054847,0.7607790860960191,0.07259690706585066,0.005341637164344041,0.00965492166788841,0.06792208937534913
tour_idnvjzjzis,0.027819328146762246,0.011582075219252442,0.0003160391078337111,0.24683364739723593,0.12717224306142516,0.5862766670674905
tour_idicgj22ml,0.08319014061553084,0.8761737836902417,0.01890574254804423,0.002157793429955317,0.0032323560002175044,0.016340183716010245
tour_ideq6kef16,0.37186474533537217,0.4240479884904455,0.04903565720389792,0.014300190815619182,0.016855472256436455,0.1238959458982287
tour_idm3ru5o69,0.1567332910419802,0.7376238371948315,0.0100701000676924,0.012126041921087818,0.00808387305312201,0.07536285672128598
tour_idtjnibi1v,0.01810189082361549,0.007527863956345039,0.00023948988741126373,0.2710503438101654,0.3824610180151109,0.32061939350735197
tour_id9mqg4jpi,0.7773405042275399,0.09920413692674812,0.002861694672789528,0.005287613230558353,0.005186081377488295,0.11011996956487569
tour_id6qtlrlj0,0.14296934110520665,0.051522422541547694,0.0008264369905324775,0.07223325339959968,0.060212843583999934,0.6722357023791135
tour_id7quxawwm,0.4885247478853171,0.10884275973779416,0.00140061529513814,0.011474486677483898,0.0077384117622890485,0.38201897864197765
tour_id37beg9uz,0.3714494715812139,0.5295877985319942,0.005500159588518302,0.0033380398377828354,0.009982075389106537,0.08014245507138415
tour_idmul4fjnn,0.08278751535217617,0.01814584059517706,0.0003604197363666566,0.21962457056922582,0.1370431289532068,0.5420385247938474
tour_idotkse0oz,0.23070148574092847,0.4567899590938781,0.004929017081528004,0.02348934417134408,0.04579637349411446,0.23829382041820685
tour_idctl4gkkk,0.42647077150960044,0.33937426116974434,0.005249798375420037,0.007158337168558593,0.008449867932691075,0.2132969638439854
tour_idkzhlxsk5,0.3772890377825176,0.40358354211778064,0.005286707860227365,0.007621167192693226,0.01318346135995781,0.19303608368682335
tour_idt8nbpyzu,0.25298391471669807,0.11266318607420758,0.004291415547010467,0.10377269989336377,0.04854848609609046,0.47774029767262965
tour_idlvf31ik8,0.3490688738357802,0.2831973908792949,0.005541375007790316,0.01751078029021074,0.009221423313546175,0.33546015667337753
tour_idbgqv7ifs,0.022938790943158354,0.0060584927294069935,0.0004034399421154634,0.274320128450792,0.34580611925086624,0.35047302868366087
tour_id0prergei,0.009023481441036927,0.0036504363680649804,0.0001982733788319131,0.28224416522800316,0.4697942783387661,0.2350893652452969
tour_idj7tc65fn,0.18268131022229944,0.04445213488523009,0.001239848350300592,0.05815943524229014,0.054144846905991306,0.6593224243938883
tour_idm1x1vxbw,0.01593620427484889,0.005201546773919007,0.00031447736723237853,0.27917998738989996,0.4916930364382137,0.20767474775588604
tour_id21v0cxt1,0.18238027698901813,0.6660076588356946,0.006372687236901101,0.011705538600833933,0.022949959861574883,0.11058387847597732
tour_id1mcdpog2,0.05048056789234885,0.018580005828361928,0.000726231073056379,0.1454721036923226,0.13813398103397664,0.6466071104799336
tour_idhqzs2gq8,0.02303642629986685,0.009920960168907774,0.0003810454336478158,0.27402938494770457,0.2550701870515759,0.437561996098297
tour_idbjvcvpse,0.024044394510118697,0.011305182856043705,0.0003252211904334456,0.3014197562207427,0.23741099858733566,0.42549444663532576
tour_idqmtjec5c,0.2568951167880357,0.18457054467865822,0.010877830789915912,0.04574731022742609,0.08025695932036986,0.42165223819559416
tour_idjylqwsbx,0.18890841037376926,0.7500430225752264,0.005935382764446859,0.0032889050263459536,0.005662629444710267,0.04616164981550116
tour_id59lpui19,0.01576906504257083,0.006169500014462273,0.0003326361243813154,0.17805677522892854,0.5425478911895582,0.2571241324000988
tour_idfcuq5wgy,0.08282742584496539,0.02870964896368309,0.0024311792836157744,0.07762564219069026,0.13055154412279818,0.6778545595942473
tour_id7pyzqpkw,0.129746141286882,0.7755240546958574,0.02031585560536614,0.0025881233549982256,0.01726459977403321,0.054561225282862925
tour_ideb9lf8br,0.42058297871787165,0.48904109557301756,0.01031621265069002,0.010420063644756028,0.0048704796150022,0.06476916979866246
tour_idzogf5dwk,0.22611331748708302,0.08450053753684603,0.0022390619376805314,0.03525416999772356,0.021698915345467588,0.6301939976951991
tour_id41mnpgqc,0.0681363580849286,0.8493724522309454,0.03042312995608766,0.008462267959447059,0.004859928185303855,0.03874586358328745
tour_idmwyzw189,0.009919609585440947,0.006152652404395918,0.0003721945342722808,0.31009399221617284,0.4758349645890594,0.19762658667065855
tour_idtjumeoc1,0.1969621262687918,0.5631104333900813,0.01326626725765241,0.022298727128173237,0.016397857414637704,0.1879645885406635
tour_idtncu3vvj,0.030118973810361438,0.008801654709234026,0.0003116574384248825,0.2770861640029467,0.26284013872733114,0.4208414113117017
tour_idzcavo88u,0.0062141346691715026,0.003831762773771232,0.00016024995931857478,0.17180321036511706,0.7332613994062659,0.08472924282635572
tour_idkot0odg6,0.02666135674708378,0.008048132990696774,0.0003340087039729499,0.27697990930488176,0.313432664118207,0.37454392813515763
tour_id8z19zqq4,0.14525659343310438,0.8016774150260508,0.009611897198689509,0.0027453716482569667,0.005341373217362034,0.035367349476536275
tour_idm10lb8m7,0.12865378166056596,0.04675758931739696,0.0037616548365973666,0.08481212213307132,0.17474060124091248,0.5612742508114558
tour_idr3vd82x6,0.7413575165547795,0.15827892000565896,0.008952487715832428,0.009333049638501473,0.005424135045896725,0.07665389103933075
tour_iduzdp7vc3,0.19794428971153036,0.7129298452977972,0.02640106353525616,0.00629566523102101,0.005953672665919571,0.05047546355847568
tour_id095wm8uu,0.1934566497835793,0.09192178713326979,0.0009576453211838218,0.06548436870388102,0.02564164905012562,0.6225379000079604
tour_idfr76spf4,0.7497598810144036,0.09921265634832396,0.005054120072050666,0.01029523592155315,0.009900080161467909,0.1257780264822007
tour_idjs9dcswi,0.262706344066962,0.6287699456735744,0.007985429552437352,0.011590155085385122,0.009351149322335535,0.07959697629930543
tour_idz34rclqa,0.3269888364687407,0.2483554064523909,0.0022922901651502786,0.022415783104017144,0.010100167107767052,0.3898475167019338
tour_id68ja64qt,0.29203663039423877,0.0811982910004303,0.0010192509556223683,0.03331786537073502,0.01172899415454222,0.5806989681244312
tour_idxac2uuqv,0.0051451242597623644,0.002725441583155702,0.00013896661056227006,0.11005887726769409,0.8121515152527001,0.06978007502612547
tour_idf8oqfnlm,0.14912037690785845,0.0716946619678881,0.001304049658603723,0.1088503689370752,0.10836687081739378,0.5606636717111806
tour_idvunzjwfc,0.19826649677347466,0.6591087492645316,0.02003508952066352,0.007298133648535579,0.0275862854408723,0.0877052453519223
tour_idw21ciy88,0.09402904189550951,0.8589217235950934,0.016781662622357738,0.0023589716680001136,0.004326266150907055,0.023582334068132108
tour_idh9xqxr96,0.05473934574087387,0.028242733553009144,0.0008894378970162448,0.27856883286697565,0.06999907600398292,0.5675605739381422
tour_idxverh9fy,0.004656560465163881,0.0018444876841045097,0.00011454141469351862,0.08158311289252448,0.8495674332303345,0.06223386431317914
tour_idokj8jc82,0.38585418356692985,0.14129937047083754,0.0012209672306415437,0.015605508498026398,0.009240643710375326,0.44677932652318925
tour_id7nzgco3n,0.33133011995479267,0.4782826466029392,0.017924311959279036,0.026277107921992233,0.01752878147248914,0.1286570320885077
tour_idssevzcvv,0.159664010293147,0.04487043881993174,0.0009193170065319295,0.07887624713921211,0.0923369264444191,0.6233330602967581
tour_idpl6n18rb,0.005733281733718695,0.002835348088355708,0.00014769722962703813,0.1410313608897981,0.7330523298210055,0.11719998223749475
tour_id00ickkxa,0.021382336025501908,0.010632685891507277,0.0002819117204704487,0.3285628631071035,0.08994497701841529,0.5491952262370016
tour_idtc8elj66,0.12487116006468098,0.8090271943344293,0.02552274213849442,0.0027047408366701526,0.00786965644630668,0.03000450617941838
tour_id9jslxdlc,0.11507544437639883,0.8221296107942428,0.027242637053168754,0.004395667165473695,0.003804458845176014,0.02735218176553984
tour_id7l1tqq3l,0.14025946918965154,0.7933816657540007,0.01947534383273377,0.003204880144167945,0.011219046354831168,0.032459594724614765
tour_idarhine53,0.11684128723080794,0.7967228917444507,0.03770874703682244,0.0032600505131613507,0.008183378064183077,0.037283645410574315
tour_id1ssjmgtf,0.016764635646889882,0.0051326691353485105,0.00037487190367186914,0.1591303580618556,0.6970988008062544,0.1214986644459797
tour_idcjzpvsbd,0.20387038790641576,0.030696237381214193,0.0011563836824794685,0.01129402883009028,0.03149190259275178,0.7214910596070484
tour_idp53f6fg8,0.016533903087679273,0.004760372582459339,0.00027736029412995345,0.17781047343511724,0.6349562173112372,0.16566167328937684
tour_idrgw9c70j,0.5626547483021769,0.23613574534678997,0.0032284800742375516,0.0126426745355046,0.01159253893925833,0.1737458128020325
tour_idlx2jlzs3,0.2317136442830075,0.07063351067026807,0.0008819433795547997,0.03190287842215623,0.01089874545012177,0.6539692777948916
tour_idjateimuw,0.7281843391143341,0.12865535136605527,0.0041585230425124145,0.005183496414243542,0.003979248439757453,0.12983904162309715
tour_idof6v2a2t,0.04116775996091147,0.009058045124840559,0.00042984585955209203,0.36285341554110734,0.21193698762749255,0.3745539458860959
tour_idbphqzwq0,0.1843443079705295,0.7250769441855258,0.01270187326831292,0.008409658417832826,0.006710720834074228,0.06275649532372474
tour_idnju0d13b,0.4102474484762696,0.4389356162251118,0.03666539457861702,0.006760921813248138,0.008029574596117518,0.09936104431063593
tour_idbtqabgv8,0.25752389652134033,0.3815850445804619,0.0032702127600552043,0.04188124107573061,0.016046195160492938,0.299693409901919
tour_idkzy90idc,0.21360876389615913,0.5297345018379833,0.035445919545996005,0.008963194124828955,0.05588638576888691,0.15636123482614572
tour_idybhcrip4,0.1982644998107419,0.6743308862441354,0.044115985709864206,0.005429011212470603,0.006554275725665406,0.07130534129712249
tour_idgo26zwiw,0.05859153105099417,0.6860779113025204,0.19356899993881635,0.008089380347435737,0.007526196807183196,0.04614598055305006
tour_id6yuxzmbk,0.11297425808342834,0.801906979071216,0.017374379733860038,0.00477569591042393,0.0057173705911953985,0.05725131660987619
tour_idxl466y8a,0.16176383312136058,0.03224803489987367,0.0011053813147283242,0.05778327298974009,0.03103751069703878,0.7160619669772585
tour_idx73vs98v,0.18569620263817102,0.6492319890271566,0.019128336801801593,0.020223644135089428,0.02353480959082366,0.10218501780695766
tour_id3r9btjk4,0.05746053901502024,0.044890928142165096,0.0008874006274956785,0.1311024352799631,0.15138086173837276,0.6142778351969831
tour_idhgq4urqb,0.26166276463444366,0.6148716580169832,0.008734731028654266,0.004721757404936145,0.01481014798759314,0.0951989409273895
tour_idurejxr5g,0.7614960642610993,0.12302265277701689,0.0029861672652062806,0.003846058525307071,0.004185939601496183,0.10446311756987418
tour_id8hmm45yg,0.24390639992406016,0.6295785839796,0.01573982911190141,0.006708822878258832,0.006547964465685878,0.09751839964049377
tour_id18jsnowr,0.2194724569752189,0.16890975442063433,0.010463979374306638,0.03553505614592076,0.03068027700977208,0.5349384760741472
tour_idgs3jbjvb,0.2917369708370825,0.12246712830327547,0.0015735353836941405,0.026225683219321436,0.01341563219801285,0.5445810500586135
tour_idikwsynra,0.06026291193180545,0.015990472254332127,0.0004621300265274074,0.20922608598673292,0.04565871490965528,0.6683996848909468
tour_idxexxrypa,0.10530830261896779,0.04605840724477017,0.003185106197796242,0.03538944062766089,0.03119369329300286,0.778865050017802
tour_id4vle4re3,0.3238902154826695,0.5228255774300368,0.01583733166852121,0.0055615956155310705,0.013493743247212541,0.11839153655602898
tour_id4ktjhmd1,0.4449391927850552,0.24335519889879437,0.005214754371203615,0.0230720185678189,0.018496337435505255,0.2649224979416226
tour_id51l3gvnj,0.22096149790817243,0.6606821491474889,0.0057368221325703045,0.017823329194057727,0.007817033667129384,0.08697916795058118
tour_id8pp1z0qj,0.21046103831135504,0.060340116588113134,0.0008622846050797654,0.05705333464587979,0.06418991937006016,0.6070933064795121
tour_id60ehhnp2,0.1426005235056507,0.7042752183580439,0.04729733050270045,0.006634851956871728,0.008352519694594664,0.09083955598213848
tour_idpxt0agk9,0.33941922091302673,0.47091811761340874,0.013881671267893298,0.022520292159054253,0.02695095696667659,0.1263097410799404
tour_id8zqbxmj5,0.3119881663135592,0.46594119623039154,0.008842834860154544,0.007814146995553287,0.03780812637313885,0.1676055292272025
tour_idp5ukjn9m,0.0012632843302712233,0.000756345569631302,4.754971071014092e-05,0.01893590830392797,0.9700936511303067,0.008903260955152703
tour_idu7oecbie,0.003802957784649695,0.00167137635646914,9.95564353703199e-05,0.07432604709080813,0.8717126875657311,0.04838737476697159
tour_id1dr9cikr,0.09152309565391478,0.8533714431582138,0.02148920080939746,0.0019178216909415888,0.004839549248596488,0.026858889438936013
tour_id0r3qxbif,0.12845705017592124,0.028162120488188697,0.0006701677151266559,0.08632071514683179,0.07454152163119956,0.6818484248427321
tour_idnox2sywq,0.12359512044957921,0.6728193518914947,0.006714392923301555,0.037656395876874464,0.013918904574264635,0.1452958342844853
tour_idy1jgkshd,0.0028355977143045058,0.0014419138808903764,8.931506936628937e-05,0.05149457687569061,0.9156563819766863,0.028482214483061916
tour_idgww40skh,0.41584334414432733,0.4967574344906601,0.005201729087887347,0.007358951554997129,0.004498795443809812,0.07033974527831822
tour_ida8jpbqln,0.22693154746438626,0.6369125483790812,0.07466427015764486,0.0037845685563368337,0.01004098381883792,0.047666081623712844
tour_idhyrqzusv,0.09880483261864964,0.022413462530840117,0.0004956421076522635,0.13431321774493882,0.027184751160687616,0.7167880938372314
tour_idhad98cqz,0.24671958538205213,0.48564622176150185,0.007372300446660665,0.0282167239338717,0.02391679587078981,0.2081283726051238
tour_idmwm72g00,0.7522507211510039,0.13686515308967215,0.004095304218343388,0.0056514023411670285,0.007247997936064575,0.0938894212637489
tour_idvwseyhh5,0.10615275206829342,0.8211005479430086,0.02476058556578283,0.0036344446474415038,0.004490511549812172,0.039861158225661414
tour_idgcf1yvij,0.012352918027591541,0.004639329235507734,0.00021430748293263334,0.3094795686346341,0.2958280162739628,0.37748586034537107
tour_id3rxtrcif,0.058038293714327435,0.8633753147293306,0.020436906408036647,0.005697184927405554,0.007150975107884592,0.04530132511301516
tour_idy8ljrftg,0.3840040297900445,0.4529359723548676,0.011453534918729994,0.015393131226623336,0.01278391902497446,0.12342941268475992
tour_idnp3tf107,0.06574422235131741,0.018468055860369252,0.00041982270532425173,0.07699745155802498,0.0782514764902554,0.7601189710347086
tour_id6flbqbca,0.20287170901889706,0.04861711071641311,0.0006173489983395024,0.05638029701021373,0.040728052278084285,0.6507854819780523
tour_idlwhkzuj1,0.3042592671422431,0.39545316040729084,0.023819914438729765,0.011789950965865874,0.025729403937776,0.23894830310809437
tour_idyj7ih64p,0.09301644748232696,0.03646238726647921,0.0010133130327930164,0.11495460582088296,0.04028537401904063,0.7142678723784772
tour_idpsajjmyx,0.22874316257088134,0.6198138531291376,0.020325570673933334,0.01074708256953245,0.013896201391895856,0.10647412966461922
tour_iddjm6wl6i,0.11700005536344119,0.02942159291406276,0.0005704735826709063,0.21377045674707096,0.13357270402704333,0.5056647173657108
tour_idtagybv4g,0.3769961701873086,0.4790581880296264,0.040161722933442695,0.006232178157571728,0.02590004774232621,0.07165169294972443
tour_idqafmheqa,0.3476855669560894,0.4000252231455597,0.006763432091074361,0.015322692047265787,0.027054182279673197,0.20314890348033748
tour_idyi6los82,0.29346311010453063,0.10506250803415651,0.002167661209535418,0.08484700447250262,0.055518883050843244,0.4589408331284315
tour_idih1eowcb,0.3853163454236458,0.3658151508567305,0.045751880905297464,0.015873153805790772,0.026334313480444467,0.16090915552809099
tour_id95d3hnoi,0.359414032914219,0.24322854204016664,0.062469462350769465,0.028117047266061297,0.12200603009193661,0.184764885336847
tour_idvldrbm0s,0.12603000232912176,0.02636944094796162,0.0003904915250670977,0.11592143267890812,0.05456274626567589,0.6767258862532655
tour_idiu5a5tzw,0.0898843813756824,0.8395768405470257,0.029647510692945214,0.004991914288585669,0.009317436634957403,0.0265819164608035
tour_idv36rzh7c,0.01950249092718873,0.013441173918317093,0.0007558923084746055,0.1881778366812321,0.6116863628893534,0.16643624327543405
tour_id85njxjsn,0.41426669900137836,0.28188333422004863,0.014891937700621197,0.01831817551398052,0.019290748130859417,0.25134910543311184
tour_ids4xd11vg,0.07363324483129555,0.8593790516769094,0.036786335751405476,0.0028059154561589934,0.005197188381895314,0.022198263902335133
tour_ids6e9lk9c,0.2683853489377133,0.41392529075547024,0.0036382386371877616,0.031745744810345033,0.008915235159607394,0.27339014169967624
tour_idhprlrkv6,0.2078649810361914,0.1189239150967828,0.0009906861588151873,0.05577139562277929,0.04719700909572834,0.569252012989703
tour_id99pyaz9x,0.24099142757826741,0.723627790584636,0.003204237821083333,0.0019230110083798357,0.0038533444736733357,0.026400188533960256
tour_idg7e3ui4n,0.36971542288636844,0.18771178895781304,0.002133749914633286,0.025153404058916043,0.013107296601775523,0.40217833758049365
tour_idrh37r0j7,0.053335310149178916,0.02714214509332475,0.0007668561436022978,0.12425226474025808,0.3476040325846613,0.4468993912889745
tour_iduxrqhcea,0.1875972565753247,0.7227684756796704,0.008770018181992119,0.004238597367817007,0.00834294657850836,0.0682827056166874
tour_id99d7kiwy,0.2842517081301554,0.5130443397435156,0.04218515225198233,0.022117324776644146,0.016299253009974098,0.12210222208772842
tour_idw8wm2o5v,0.03828161518750693,0.010480377101652302,0.00034062390941516624,0.1674571078398156,0.5400625167109455,0.24337775925066452
tour_idqyq9zw0y,0.2635185758831769,0.5953638649944794,0.04644560921978859,0.01072837239886985,0.034750257287761904,0.04919332021592332
tour_idivwq4v1w,0.004854817485473983,0.002000023639274975,0.00011326321983524329,0.10030416505574608,0.8348670964012765,0.05786063419839321
tour_id4xoqo9i1,0.380558551731474,0.49473384142897603,0.009982374368394036,0.0139923798916018,0.009587199412437618,0.0911456531671164
tour_idnevz5lyh,0.07155367025483156,0.8556788535531241,0.04776755202986337,0.0019549363472956584,0.0039690302808257855,0.019075957534059572
tour_idn49b65yc,0.0463655450168934,0.014221633542331375,0.00026912777340774727,0.12368569758681411,0.07447336490660894,0.7409846311739444
tour_idjrta1z0l,0.15820023462285104,0.7468128624473475,0.03028728254267866,0.0030264911884573423,0.008019880456432005,0.05365324874223336
tour_idequkopmm,0.19353520415140602,0.28402210275730755,0.00397236709656581,0.06871555301068615,0.04931836287219582,0.40043641011183867
tour_idkr5a8qhh,0.22276276538357748,0.2737741340618788,0.004098926109626333,0.033094128733592784,0.022289680668532978,0.4439803650427916
tour_idck1i9jpy,0.006722493973423836,0.0032785184495380485,0.00017901919109255708,0.10308867183844937,0.8036275834301849,0.08310371311731118
tour_idamsemrsk,0.7370155158052621,0.12434789711337746,0.0032533704700808876,0.004728651819511915,0.0035002859434519534,0.12715427884831573
tour_ide41cohib,0.10851294840572878,0.8517028596873335,0.004552622658393983,0.01234972913731746,0.004110577763431215,0.01877126234779502
tour_id2capxqan,0.0033976462120413995,0.0016320100768616552,8.663900273748679e-05,0.06290817753434205,0.896294426954094,0.0356811002199233
tour_idmkyy3nzt,0.1627278757243465,0.2213700877612643,0.010330234485387639,0.05910500817625626,0.030527156469779278,0.5159396373829661
tour_idnhl7qohv,0.08759367300043241,0.020228516298489443,0.0009841685051594782,0.1146946173797887,0.0246876604841969,0.7518113643319331
tour_idh18uxy9f,0.012805875274070632,0.004056581140912226,0.00022530523443268997,0.23405410551517064,0.5153421864234886,0.2335159464119253
tour_idi0vhg24d,0.1672039184744466,0.11299730715401819,0.005273059450562236,0.05996032528343971,0.12442226687019124,0.530143122767342
tour_ids4vqip7q,0.4613986478880959,0.40379874431894797,0.004430159686895963,0.007064057247486636,0.00723245475273684,0.11607593610583658
tour_idgejmazuc,0.7680681111555652,0.11538135228161066,0.0031733164998836057,0.00447281628216606,0.0034452835982487426,0.10545912018252573
tour_idf80dee6z,0.20858469378608552,0.38988286934119687,0.008564414542585566,0.021214281802925443,0.022280037021952043,0.34947370350525453
tour_id52jj29ct,0.1391714415907858,0.09811317281619987,0.6512689562800106,0.006615049755127609,0.01468999959745343,0.09014137996042274
tour_idmku52s29,0.040433157942179374,0.027501288675360093,0.0006345345333121487,0.15047625385069474,0.11284041858933817,0.6681143464091155
tour_idfj2056k5,0.09562632302186519,0.03563392708842442,0.0006462852928861772,0.07978479629279019,0.039409862918961897,0.7488988053850721
tour_idk3s3sgcv,0.4158817944919055,0.1272102866901862,0.0018360677807141075,0.015596801300057672,0.014773739817038889,0.42470130992009764
tour_idz33d41ks,0.02786840050880214,0.01768477744196135,0.0003038937536000016,0.15785652389686994,0.13420357798828508,0.6620828264104814
tour_idl0ttjrmc,0.326986027794715,0.26998467014378447,0.023748834786044944,0.04118566677176546,0.13452507927095256,0.2035697212327376
tour_idu5k69z9i,0.26230719220065113,0.09724862120211467,0.007909621853123494,0.04258934741699627,0.3888212140836281,0.2011240032434864
tour_idf66smscv,0.027850918937358297,0.007212136090360637,0.0003427405921085266,0.29339956777578446,0.23862351859432454,0.43257111801006354
tour_idur0p7exw,0.7733102970665138,0.13341194572163323,0.0035525485521989844,0.007441894775622418,0.004159708251578174,0.07812360563245327
tour_idjsiq8h6o,0.27706778516301356,0.13091446446317231,0.03994324205603111,0.024922424852112567,0.06038973916321935,0.46676234430245106
tour_idh2992qz6,0.13506765058761186,0.7736724265809973,0.041776525249251004,0.0032362614829606865,0.00892094944273693,0.03732618665644208
tour_idzmu73uvr,0.05380249941042127,0.06836317795166012,0.0013964061476243437,0.10906657133066448,0.08771132661435903,0.6796600185452707
tour_idbsd6a9fg,0.2625551892133981,0.11575342394331001,0.0023193240687839067,0.07560951352347249,0.03959788936649351,0.504164659884542
tour_id4cj9lep8,0.142381624148135,0.7368205470819797,0.03246518736080286,0.006939938032861497,0.013292409082111854,0.06810029429410902
tour_idd18a2stl,0.41834018060447353,0.39697843238139874,0.006403504640267104,0.0058662320030949955,0.023039316146391212,0.14937233422437435
tour_idjrqlybhn,0.14754720629708729,0.03306175021540582,0.001441409929405428,0.012003821761163939,0.1684578055275529,0.6374880062693846
tour_idxmfwoy4j,0.10299693043929532,0.7886538480204872,0.042741851201247454,0.006407804734690437,0.0051219973213963805,0.054077568282883175
tour_idafio0e6r,0.13500420957139234,0.7990154075061311,0.013880493694265424,0.007075386229442998,0.0061678336226497635,0.0388566693761184
tour_idwd2vbr79,0.16476861661668474,0.04470331157195828,0.0006100451238970924,0.07822258826910583,0.06933149709325706,0.642363941325097
tour_idtxmv1vn8,0.03687008202665339,0.015519423074064353,0.00037574044023396924,0.3246305455756885,0.11223677734174242,0.5103674315416173
tour_id55m6ye74,0.15751169513628,0.06730409881748625,0.000817048295149151,0.07405918926662532,0.05980218532177436,0.6405057831626849
tour_idrjo6d6m0,0.22646409298540593,0.7377184601430206,0.0032418558991417993,0.0027124344907960905,0.003962508366344582,0.025900648115290952
tour_id7vxwd2qi,0.4509671875321488,0.09689649915071147,0.0031798482121538855,0.06637066439852564,0.021810484039149033,0.3607753166673111
tour_id2lx80ftk,0.14700307030319365,0.11390902801707625,0.0015918969538936153,0.10645438220400066,0.14404045984388858,0.48700116267794724
tour_idys87o0ds,0.4370414394560844,0.05181631290537357,0.0012293518599035566,0.010398223289349914,0.005541617592742483,0.49397305489654597
tour_id1fy4lusi,0.7605522742685584,0.10217463488731364,0.0035087119439505933,0.006358559993554351,0.005558837657828953,0.12184698124879405
tour_iduw6503kx,0.07938110658838783,0.02946399121554706,0.00047565396539608006,0.1741373517836197,0.050039566514185466,0.6665023299328637
tour_idu1kt91ev,0.14288396849747373,0.04790302575539497,0.0007202413261569783,0.1051912211232535,0.08420670584901006,0.6190948374487106
tour_id53o0z6dv,0.5502792047367714,0.05179146273248207,0.0028983811647515646,0.03768547867941954,0.028175130273949522,0.3291703424126259
tour_idz6rfgk6y,0.31445250508612943,0.21512149210767145,0.0025537233126930914,0.0426847368708429,0.023215802809753078,0.4019717398129101
tour_iddt68t83y,0.011567957700874808,0.0037170729595341423,0.0002297162748552039,0.27852107847234636,0.5304189533921,0.17554522120028948
tour_idb6b9fe7o,0.13358440313955033,0.0224865736066985,0.0008783451209797464,0.10195729245708035,0.029979687145213464,0.7111136985304777
tour_idgiofw9gq,0.5718573828051704,0.24783116848753778,0.004314095044592072,0.005770178207651873,0.01260996113658893,0.157617214318459
tour_idlaknkcn4,0.4623618618657295,0.38994393428870067,0.011283341180829777,0.007261534226545345,0.014084297680845497,0.1150650307573492
tour_id3tjp864r,0.21893437396136572,0.05089635489953251,0.0010183162684981374,0.07750723324543177,0.09556597685136402,0.5560777447738077
tour_idy76hhahh,0.2815805492254366,0.6076510557080469,0.011060464374245108,0.005307363588180939,0.007055893475154454,0.0873446736289359
tour_idufgz5k4v,0.3805833869120032,0.09176316626210479,0.005258945539291881,0.030089788048254094,0.024676079550558443,0.4676286336877875
tour_idt79f2xgp,0.2851258210587771,0.2749377040216373,0.0024174033601609426,0.07047455702781998,0.03817598189083444,0.3288685326407702
tour_idrpkhu48l,0.2776789660075103,0.28632533265646437,0.003678161492442787,0.05299815591390323,0.029367037452319812,0.34995234647735945
tour_iddskibken,0.37259829803275313,0.1840077554618992,0.003988313448987788,0.02622999059716259,0.026594832511699622,0.3865808099474976
tour_id0yne0qoz,0.0245460975895051,0.006481916181675706,0.0002736943491944304,0.2591717900850265,0.2988878048742371,0.4106386969203611
tour_idswphik77,0.18323547564807016,0.5319265014191208,0.20664086933576858,0.02087591353064086,0.015557138543782587,0.04176410152261694
tour_idqq5ggah5,0.11252833282331623,0.7880523897103886,0.04744456220976312,0.007668711410229706,0.006204266873914082,0.038101736972388195
tour_idu5zt4ri7,0.19519450121091778,0.2153179462278389,0.004947108169809763,0.04964179964718532,0.03146738345750012,0.503431261286748
tour_idvya147vx,0.05543904697645064,0.8331959884311935,0.058588790352665635,0.004256957078500259,0.004607581121226032,0.04391163603996391
tour_idrpntkknt,0.4012678033180369,0.3757491512978572,0.004941765435853328,0.016838186703321698,0.02622196241508043,0.17498113082985037
tour_idraeuhzn4,0.06340058484487356,0.014124660658480146,0.00027412832408963247,0.13413810697727338,0.10191898251351753,0.6861435366817658
tour_id9j5ntupu,0.19990215600101452,0.7136558341654794,0.015344673078340575,0.00826305655411367,0.007222068340022153,0.055612211861029714
tour_idzh5y8x5s,0.12191635998209975,0.020630762159035133,0.0005308262122742963,0.11494485253285941,0.17862597647662032,0.5633512226371111
tour_idml3wpa4x,0.07941232516529895,0.8067576281994431,0.07500550064615107,0.004167273777138533,0.006313877885236536,0.028343394326731712
tour_idb5wwneht,0.07190612572888733,0.860345295825572,0.044248210102804955,0.00222038823301855,0.00418396716104741,0.017096012948669834
tour_id6j0d5sc0,0.4476267804179937,0.16277108056805975,0.0030596229100108008,0.010320756568712178,0.020966214658043384,0.3552555448771802
tour_id8jaxzf3i,0.21500321076288895,0.0512072112211322,0.002491425690327598,0.03737011507252881,0.029058418339213396,0.664869618913909
tour_idqtljd0wy,0.5021064413196836,0.19321545382282052,0.003735445193621177,0.010492416739612478,0.014833665233473136,0.27561657769078884
tour_id4rq5gax5,0.03232223790641296,0.03828367983940746,0.0008384122301334463,0.24252137266238602,0.3697622803316134,0.31627201703004665
tour_id220owjdl,0.19433484636936166,0.642312772252636,0.026311802087206335,0.015972745657615493,0.010253357150936332,0.11081447648224413
tour_idifc5uhep,0.005792758889102873,0.003928989369147904,0.00020580349245293684,0.2349557582781827,0.6549768974228537,0.10013979254825991
tour_idquwcxoqm,0.5007658039980611,0.07570669931385722,0.0028718436199799947,0.019518598634274627,0.010332928927563849,0.39080412550626303
tour_id5dtj3tq9,0.16368782015817615,0.65310605329283,0.010784322782646743,0.006833781499727229,0.032269670771051785,0.13331835149556798
tour_id7y6t2y1a,0.044625429006262006,0.0069349253517498625,0.00028301073458875526,0.23974052376168178,0.26899291095140876,0.4394232001943088
tour_id7afyqg3c,0.11565145974098398,0.054229627419568306,0.0013683955413960253,0.04644850589174863,0.15137579186201572,0.6309262195442873
tour_idkrwfvqny,0.10911619180994425,0.05395495680387466,0.0011535077002242538,0.06469719190551651,0.03725950480865116,0.7338186469717891
tour_idsab6ci0z,0.22673863114895093,0.101469803973778,0.0012078454797005518,0.01573371854483895,0.025526886622580826,0.6293231142301507
tour_idtbcgl3ok,0.033180488191207544,0.009003044178302853,0.00028127253753564664,0.26529277760370007,0.11272674311164611,0.5795156743776078
tour_idb29m1zc9,0.006378726459912666,0.003163452179420354,0.00010671841907686561,0.07893724504232112,0.8618945330253989,0.04951932487387018
tour_idg37cnny5,0.19911191417791232,0.3732013727089245,0.003950846574926276,0.017958808629786414,0.021253873131053726,0.3845231847773968
tour_idyivzhi1g,0.07685537129967752,0.01708890716216462,0.000366075214311309,0.12928782975773306,0.19087753787385148,0.585524278692262
tour_idys6jeerv,0.40167258213022733,0.24825550509775077,0.0197112453526056,0.04776075257558253,0.061619807651234065,0.2209801071925997
tour_idf2bhsuv9,0.01844630199663981,0.0072756850190716545,0.00023071859193235874,0.18048282785083142,0.461384998138926,0.33217946840259865
tour_idkslkxm6c,0.009274205185561466,0.004012025168818691,0.00032631653648851794,0.1818650475523972,0.6932575234882296,0.11126488206850457
tour_idinanh2ib,0.18858960918084733,0.7157220435842716,0.027828081532979488,0.007894942758550738,0.007444036914139015,0.05252128602921191
tour_idfbvkrd52,0.3569646800694804,0.2202638342888057,0.00269123602052193,0.08891874244844147,0.06202197703861728,0.26913953013413316
tour_idorlcjtl0,0.5365570017042578,0.2798551671476017,0.003330082723553565,0.0077793065139512875,0.01050454097063652,0.16197390093999905
tour_id1rsu7v9u,0.3052948392248088,0.4867336934082321,0.0054800979360221155,0.007135883489282703,0.024753362955462474,0.17060212298619176
tour_id6syl4xea,0.04261115256353576,0.015973975738644567,0.00039420486800204404,0.18057447074308303,0.17503395615319234,0.5854122399335422
tour_idw350rwr6,0.022806409661612865,0.009284665110324448,0.0003816322109801845,0.22028728495696004,0.17667613823735245,0.57056386982277
tour_iddlvfw74p,0.26159657883954435,0.07425996094643801,0.001520910335509433,0.03889395089992155,0.02296380096768922,0.6007647980108973
tour_id19ga2seg,0.010663233577253411,0.0031915081237370857,0.00018851129178096052,0.17639348058251125,0.6425873450756725,0.16697592134904476
tour_idt4nh14t3,0.04654772179686986,0.009098179071872037,0.0005107913713245935,0.2726213223934905,0.24045527488285845,0.43076671048358445
tour_idivophlfk,0.12803044575097072,0.04612104674867787,0.0007351549909483962,0.09790558797338834,0.021812026459604145,0.7053957380764105
tour_idn3oclcev,0.2959841347361575,0.1844516224130083,0.0022169458966070435,0.010543503930989713,0.01829332743557709,0.4885104655876603
tour_idqsq7b1wj,0.3024397082770051,0.11115271266667504,0.0018709055027898115,0.05108606387318223,0.02179380148174913,0.5116568081985987
tour_iddi4frevq,0.1160739436859479,0.031711818102714166,0.0007498579135482322,0.10379220970055951,0.033396548308850686,0.7142756222883794
tour_idsd6yvwdu,0.36261714508172804,0.5837704160822872,0.0040016617156513725,0.0031784168232665755,0.004090192461047717,0.04234216783601913
